-9994
-9853
-9848
-9839
-9812
-9758
-9750
-9718
-9715
-9708
-9699
-9657
-9646
-9571
-9564
-9538
-9525
-9508
-9470
-9452
-9450
-9444
-9422
-9398
-9338
-9327
-9321
-9279
-9265
-9261
-9253
-9243
-9242
-9222
-9219
-9162
-9151
-9119
-9107
-9105
-9093
-9082
-9078
-9066
-9051
-9044
-9037
-9034
-9028
-9010
-9008
-9007
-8996
-8979
-8940
-8929
-8875
-8829
-8784
-8782
-8751
-8735
-8713
-8703
-8695
-8670
-8653
-8622
-8593
-8562
-8549
-8533
-8483
-8407
-8366
-8337
-8329
-8328
-8317
-8313
-8310
-8289
-8281
-8280
-8259
-8208
-8197
-8170
-8160
-8158
-8141
-8121
-8071
-8062
-8037
-8030
-8008
-7971
-7961
-7931
-7929
-7915
-7904
-7891
-7890
-7880
-7875
-7857
-7843
-7831
-7824
-7777
-7766
-7762
-7732
-7708
-7645
-7640
-7637
-7630
-7600
-7597
-7547
-7531
-7516
-7509
-7497
-7490
-7487
-7458
-7451
-7449
-7414
-7383
-7340
-7335
-7320
-7318
-7298
-7279
-7251
-7214
-7206
-7153
-7150
-7139
-7113
-7085
-6985
-6981
-6957
-6949
-6906
-6888
-6881
-6869
-6825
-6815
-6785
-6782
-6779
-6771
-6747
-6745
-6722
-6683
-6673
-6665
-6623
-6622
-6622
-6605
-6602
-6565
-6519
-6500
-6474
-6457
-6452
-6419
-6371
-6354
-6337
-6324
-6296
-6262
-6252
-6217
-6216
-6211
-6191
-6189
-6168
-6115
-6095
-6076
-6073
-6069
-6041
-6014
-5985
-5968
-5941
-5933
-5932
-5929
-5927
-5916
-5907
-5856
-5835
-5831
-5811
-5807
-5745
-5738
-5734
-5701
-5694
-5689
-5687
-5656
-5648
-5636
-5606
-5594
-5581
-5510
-5499
-5454
-5439
-5408
-5365
-5298
-5293
-5290
-5258
-5254
-5221
-5191
-5181
-5154
-5126
-5074
-5071
-5069
-5066
-5051
-5051
-5007
-4958
-4956
-4954
-4917
-4911
-4893
-4874
-4862
-4858
-4840
-4793
-4770
-4745
-4736
-4733
-4719
-4670
-4602
-4590
-4583
-4536
-4501
-4489
-4438
-4413
-4389
-4374
-4348
-4313
-4305
-4294
-4285
-4279
-4272
-4263
-4240
-4239
-4208
-4187
-4178
-4161
-4155
-4133
-4130
-4104
-4083
-4079
-4059
-4010
-3998
-3997
-3970
-3961
-3943
-3941
-3931
-3924
-3918
-3867
-3866
-3864
-3777
-3768
-3762
-3734
-3733
-3728
-3674
-3622
-3621
-3534
-3478
-3467
-3457
-3447
-3416
-3412
-3405
-3367
-3309
-3291
-3285
-3279
-3253
-3185
-3145
-3142
-3138
-3101
-3050
-3049
-3041
-3028
-3024
-2979
-2979
-2975
-2959
-2955
-2928
-2890
-2869
-2858
-2811
-2775
-2740
-2715
-2697
-2649
-2595
-2588
-2516
-2513
-2493
-2480
-2477
-2461
-2459
-2442
-2413
-2412
-2411
-2372
-2324
-2302
-2300
-2268
-2265
-2255
-2245
-2238
-2213
-2174
-2166
-2150
-2132
-2131
-2084
-2078
-2059
-1995
-1979
-1964
-1939
-1901
-1892
-1876
-1858
-1857
-1855
-1844
-1842
-1818
-1812
-1812
-1787
-1778
-1775
-1749
-1748
-1705
-1704
-1703
-1702
-1679
-1677
-1676
-1629
-1565
-1549
-1484
-1477
-1477
-1420
-1420
-1405
-1394
-1385
-1364
-1351
-1348
-1339
-1287
-1266
-1237
-1218
-1203
-1197
-1185
-1181
-1176
-1130
-1095
-1091
-1071
-1047
-1039
-990
-984
-968
-954
-882
-879
-847
-825
-803
-795
-763
-760
-715
-715
-714
-706
-692
-665
-600
-537
-518
-517
-509
-506
-503
-496
-481
-476
-466
-464
-424
-418
-415
-393
-390
-389
-371
-329
-320
-319
-267
-256
-243
-242
-194
-177
-146
-142
-111
-99
-70
-70
-57
-3
0
43
77
129
145
184
188
200
215
247
252
262
296
306
306
309
314
321
343
345
384
390
465
507
553
562
598
619
631
682
707
711
724
741
743
744
800
833
860
878
900
916
943
948
967
1002
1041
1113
1133
1139
1149
1161
1161
1169
1179
1210
1214
1219
1260
1267
1299
1300
1305
1308
1311
1323
1338
1377
1388
1400
1438
1452
1458
1516
1540
1555
1561
1599
1599
1620
1622
1634
1636
1637
1646
1675
1691
1692
1708
1773
1796
1800
1800
1829
1857
1859
1878
1909
1928
1930
1944
1957
1971
1982
2005
2009
2012
2020
2040
2045
2055
2063
2084
2102
2114
2128
2133
2150
2168
2172
2258
2262
2275
2279
2289
2297
2311
2318
2391
2433
2479
2538
2539
2549
2583
2586
2587
2600
2604
2609
2613
2623
2627
2640
2647
2672
2688
2697
2717
2771
2783
2785
2789
2797
2804
2809
2824
2834
2835
2874
2888
2905
2924
2928
2943
2948
2972
2973
2975
2990
3002
3010
3050
3101
3109
3119
3147
3155
3161
3174
3199
3254
3271
3275
3276
3307
3330
3383
3401
3408
3429
3474
3482
3499
3520
3533
3580
3624
3648
3667
3668
3694
3702
3716
3754
3763
3804
3814
3832
3844
3847
3848
3852
3890
3900
3905
3918
3971
3984
3990
3996
4015
4016
4064
4111
4134
4225
4254
4294
4336
4336
4339
4341
4392
4394
4415
4451
4485
4493
4499
4499
4517
4533
4612
4631
4647
4650
4654
4690
4690
4703
4704
4768
4787
4789
4794
4795
4827
4868
4911
4942
4949
4997
5051
5065
5088
5158
5162
5178
5205
5210
5236
5239
5293
5312
5320
5350
5350
5372
5397
5403
5427
5448
5458
5491
5501
5540
5589
5598
5603
5631
5635
5644
5665
5685
5720
5783
5835
5875
5883
5894
5906
5927
5961
5980
6011
6137
6165
6183
6188
6195
6199
6203
6222
6223
6232
6240
6248
6255
6275
6302
6317
6348
6463
6480
6517
6556
6563
6567
6597
6600
6621
6636
6648
6672
6728
6757
6770
6782
6788
6798
6820
6826
6856
6879
6881
6885
6893
6906
6915
6935
6941
7024
7042
7095
7128
7142
7170
7235
7273
7278
7281
7285
7301
7322
7343
7361
7377
7385
7403
7416
7437
7540
7545
7591
7595
7609
7619
7630
7645
7648
7657
7678
7684
7684
7685
7686
7731
7775
7783
7801
7815
7820
7852
7853
7855
7857
7876
7928
7936
7948
7956
7959
7967
7990
8021
8032
8053
8063
8075
8132
8144
8173
8174
8189
8231
8246
8300
8300
8377
8407
8516
8552
8571
8580
8583
8588
8626
8633
8636
8697
8703
8741
8746
8749
8769
8775
8832
8834
8838
8859
8914
8918
8924
8951
8958
8973
8988
8999
9016
9023
9045
9052
9099
9118
9139
9169
9173
9191
9191
9200
9226
9228
9238
9285
9307
9349
9374
9405
9416
9470
9521
9530
9537
9539
9585
9590
9634
9635
9647
9656
9686
9691
9706
9715
9719
9733
9746
9747
9760
9774
9777
9789
9846
9923
9948
9976
9992
9999
