-3468
2307
3971
6783
7686
4287
5359
-305
-5224
5675
-4223
-5737
-6814
-2298
1246
6276
1769
1171
6591
5971
7182
3723
1192
6941
-6046
-2526
9478
-9912
2829
-3308
7138
9404
9359
-6005
-5683
8626
-7512
-9211
6167
-37
-512
-5477
-703
-5354
4371
-7853
-6653
6059
7939
-5135
-6370
9260
-1458
2583
6490
-1741
-934
5772
-9631
-6368
-735
3810
3598
-7708
-3208
583
-4204
-5093
8446
212
-5550
-7484
-9419
3343
-2731
415
1537
29
-1906
-448
-8155
4386
-8017
9951
-1990
-7269
519
-1773
-209
8641
7546
-9463
-38
2472
8979
5228
1708
-7906
-3091
3762
