-1749
8924
9747
1930
-9571
9099
2613
-9327
4650
-7279
-8929
2005
-319
8769
2289
3890
6757
-8121
-9093
-6722
7645
-9338
-9119
-1185
1957
-9279
-7383
-6296
4647
2928
-7929
-7880
7278
-9750
1458
-3941
9948
6183
-4489
4911
4254
5088
-5258
3754
7684
-7318
948
-3734
2586
-7708
-464
2479
9226
4451
-9105
-9444
1219
9118
-9044
3814
-9398
-3733
-4348
-8407
5051
3900
-9450
-9051
-3138
-6211
1859
4631
-1565
3002
2717
1634
-1477
4016
-5408
743
-3050
-2238
77
-5701
-1979
-9321
5685
-7824
1113
6935
8053
8377
2168
-481
7648
7876
1796
3109
-1676
6788
-2513
2012
-2890
-6073
-8141
682
-3970
-8593
-6095
-3998
6222
9923
-8695
3667
2102
306
2783
7042
-4294
-1420
-4590
9470
3147
3101
878
2084
-1787
-2084
-5648
4794
7545
-7875
-4670
9634
-3728
9307
1260
-7298
-2588
5883
5906
-9078
3408
-8037
7619
-1892
2549
-537
-3931
-5916
4225
-5221
-4501
-9034
2275
2433
-706
7630
9777
8626
1982
7609
-2955
8571
7684
465
-3142
5961
0
6188
4499
-4793
2672
4997
9200
-5254
6915
1169
5894
-1039
6137
-2811
-1287
6826
1161
-3309
262
3984
8246
309
-146
-256
-4954
-4161
5540
3275
184
2785
-2245
5635
-4536
8300
6597
-3943
2262
-9010
-7857
3429
3847
-7320
8749
5501
-1702
-7971
145
3520
-9452
6240
-5933
4517
-1394
5783
3330
-4208
-5066
2834
4392
6636
5158
1909
5397
2587
-1901
-984
-8703
9016
-3285
4339
5875
-3
4949
3580
-8549
4942
5065
-1629
9719
-7150
-8979
8063
6317
-2979
-1237
-9007
-1858
-7531
-8483
3971
-9243
-5941
7678
-9253
4690
2771
-9758
2943
1149
4827
8918
9774
1311
-70
2905
2297
-1266
-6665
-6337
-7777
-6771
5491
-4770
-9422
9023
6798
-9657
-5439
-3049
-424
-3961
-1995
-1484
1323
9374
-7904
4690
-2595
-4079
9191
-7732
-6262
6199
306
-8784
8075
562
-390
1338
43
-2775
7731
2874
-5581
6879
-3405
-7630
-7640
9405
6165
-4305
8144
3624
5403
-2979
744
-7487
-5738
2990
-5606
1599
-8782
-6745
2318
-8160
-6076
-1477
3254
1179
-9151
-8170
-2411
-9219
1139
-496
-7251
-803
-5689
-1181
6728
-9008
-3467
-3024
-6825
1452
6203
3918
9539
-968
-2975
-6785
-503
2539
8703
2311
-2459
-3416
2647
-4374
-3028
5631
4499
-3762
5458
3499
1708
4394
-4858
-6683
-4178
-2858
-5298
-8280
8999
-8281
6621
-4602
-7449
2055
-70
3804
707
-5968
2797
8021
5644
3276
8132
4787
3474
1400
6906
-5069
7657
-6622
-4956
-4279
-9715
1691
2538
-9718
-3145
-4263
5427
6885
247
314
9691
-4187
4485
1637
-1812
-8310
-6519
1267
-7891
-1775
-4840
-2461
6648
-825
-2493
7783
-5293
-1704
4415
-5807
2040
-320
-760
2948
1622
2972
2609
-3185
3716
-1842
2640
-3777
1928
6893
-2413
7852
-6216
-1405
-4719
129
-389
7416
-6474
916
-6981
2583
-9028
-1964
-6500
-2300
-57
3668
9733
-2412
-879
4654
188
2114
-990
8914
-9853
-466
-2869
6275
-9470
-3412
-5636
8636
2604
8859
7385
-6881
-2268
-2150
9285
-5929
4868
8516
3482
-8208
4789
-8071
-9037
-3768
-8622
-329
2975
1800
943
-7085
-7597
-1091
7377
1299
2627
5980
-2166
-142
-6457
2789
6782
3174
8832
8032
-5687
-7915
5320
5350
-3279
7301
7956
3161
-7497
6881
-4104
-3457
-6747
-1818
2020
-8337
-1351
8580
-4413
-7890
-600
-6354
-7766
7820
-5831
7595
296
-3864
-714
3763
9686
-9525
1210
1133
-3534
2045
3694
-6371
-5927
-9261
-7490
6770
9999
-3924
-6957
6480
-4272
3848
-6602
-1857
-9812
9992
-7153
-4239
-8940
-4285
-1364
5162
-5154
1300
5598
-2477
6011
-4893
-5745
-2480
-5499
-6869
7540
-6605
3383
-9538
-1679
7857
1561
9045
-7113
-795
1646
7990
9530
4703
7936
1599
-5051
3155
1829
2697
-5907
-1071
4336
860
8746
-3101
-8317
-6069
631
-2324
-1095
-7458
-1197
4493
-6949
6856
2279
7959
553
-2372
-7600
7281
1002
-3447
-476
-177
-4736
2809
6556
1857
7403
4533
-8533
7775
-882
5293
-1130
7095
-8996
-4133
1308
9238
5236
7855
9715
-6815
1041
4336
8741
-111
3199
-5811
-2265
-9708
345
-8653
-7843
6463
-6452
-7931
6248
2258
-3997
3990
-5694
7235
215
343
-8735
2172
-7214
-9162
900
-7206
200
-5365
8300
-2078
-6115
-1677
-509
-9564
-763
5372
-6565
1377
3852
-6041
-4155
-518
-6168
967
-267
8189
5665
2688
-5932
-8829
-9265
800
3832
6563
1516
8838
-7414
8552
-5656
-5191
9746
7801
-393
4064
9760
9789
1161
-2174
9846
-8197
3050
1305
6255
8633
-3041
9169
9173
-4130
3010
8231
-8313
-3674
-6189
-9082
-715
-3367
7686
-7645
9052
-243
507
-4438
4795
-371
-1876
6195
6232
1388
8697
-9994
7273
-1705
3271
-5126
-2516
2835
9590
252
-1047
-6782
-2928
-7340
8951
-5835
-5510
-8751
-665
9976
2623
-5051
3844
-5007
-5454
-1218
741
-8030
-1812
3702
-1549
-6623
-4733
7928
-6622
2150
-9699
5312
1692
-2132
-418
3307
8834
-1203
6517
8973
-4083
1878
-3478
-1385
-99
7322
-5181
2009
3401
2133
6941
9635
9228
4294
2973
-4389
-4059
724
7361
-1855
-1748
-9839
-194
-8366
-9107
711
8174
-5985
3533
-6324
7948
-2442
-692
2063
7285
9706
4341
-3867
2391
-7451
7170
-1176
-1939
-4313
598
-8289
9647
9521
4768
-6419
6820
-2740
390
-7547
-5594
-8875
9537
-2715
1540
-2213
-7509
1773
7853
-1844
-1420
3905
-7516
6672
-8329
9139
6567
-7961
5835
-715
2924
1438
3648
-4010
-4745
7142
-5071
-8328
7437
-5074
-9646
-9508
-6252
7591
-517
-3621
-1778
-6217
5603
-5734
1675
2888
-4958
5589
8775
3996
2804
-8008
384
-4911
-4917
-3291
-9222
833
-8062
-1348
321
5239
8588
-3918
8407
9656
1620
7128
5720
-1339
-4240
-4874
1971
-415
9349
-8670
7685
-9848
6348
-9242
5205
-1703
7815
-5290
2128
-7335
-6014
9416
-8158
-847
619
-8713
-7762
-2697
5178
-6888
1636
-6985
-2302
-2959
4612
7967
-6673
-5856
5350
-3253
-7139
2824
-7831
-6906
-4583
6223
-7637
5927
-2255
-2649
6302
3119
-3866
1214
2600
-6191
4704
7024
5448
4111
7343
-6779
5210
-8259
4134
1555
-2131
6600
-506
-8562
8988
8173
-954
-4862
8958
-3622
1944
8583
9191
-9066
-242
1800
9585
4015
-2059
